                   1       0        0     3.40
                   1       0        3     3.40
                   1       0        6     3.45
                   1       0        9     3.20
                   1       0       15     2.95
                   1       0       19     2.40
                   2       1        0     3.10
                   2       1        3     3.15
                   2       1        6     3.50
                   2       1        9     2.95
                   2       1       12     2.85
                   3       1        0     3.60
                   3       1        3     3.45
                   3       1        6     3.45
                   3       1        9     3.10
                   3       1       15     2.80
                   3       1       19     2.71
                   4       1        3     2.70
                   4       1        6     2.86
                   4       1        9     2.70
                   4       1       12     2.70
                   4       1       15     2.45
                   5       1        0     3.40
                   5       1        3     3.30
                   5       1        6     2.93
                   5       1        9     2.30
                   5       1       12     2.50
                   5       1       15     2.40
                   6       0        0     3.30
                   6       0        3     3.75
                   6       0        6     3.50
                   6       0        9     2.95
                   6       0       12     3.10
                   7       1        3     2.45
                   7       1        6     2.50
                   7       1        9     2.10
                   7       1       12     2.35
                   7       1       19     2.28
                   8       1        0     3.90
                   8       1        3     4.00
                   8       1        6     4.05
                   8       1        9     3.75
                   8       1       12     4.00
                   9       0        3     2.40
                   9       0        6     2.35
                   9       0        9     2.40
                   9       0       15     2.20
                   9       0       19     2.00
                  10       1        0     2.65
                  10       1        6     3.30
                  10       1        9     2.40
                  10       1       12     2.15
                  10       1       15     2.15
                  10       1       19     2.25
                  11       0        0     4.40
                  11       0        3     4.40
                  11       0        6     4.10
                  11       0        9     4.10
                  11       0       12     4.00
                  11       0       19     3.60
                  12       0        0     3.20
                  12       0        3     3.40
                  12       0        6     2.70
                  12       0        9     2.95
                  12       0       12     3.10
                  12       0       15     2.60
                  12       0       19     1.63
                  13       1        0     2.95
                  13       1        3     2.90
                  13       1        6     3.00
                  13       1        9     2.75
                  13       1       12     2.75
                  13       1       15     2.72
                  13       1       19     2.75
                  14       0        0     3.05
                  14       0        9     2.40
                  14       0       12     2.50
                  14       0       15     2.45
                  14       0       19     2.08
                  15       1        0     2.75
                  15       1        3     2.70
                  15       1        6     2.10
                  15       1        9     1.90
                  15       1       12     1.80
                  15       1       19     1.70
                  16       1        0     3.90
                  16       1        3     3.75
                  16       1        6     3.50
                  16       1        9     3.30
                  16       1       12     3.50
                  16       1       15     3.15
                  16       1       19     3.25
                  17       1        0     3.20
                  17       1        6     3.00
                  17       1        9     2.80
                  17       1       12     2.85
                  17       1       15     2.50
                  17       1       19     2.15
                  18       1        0     3.30
                  18       1        3     3.35
                  18       1        6     3.40
                  18       1        9     3.10
                  18       1       12     3.50
                  18       1       15     3.00
                  18       1       19     2.75
                  19       1        3     3.10
                  19       1        6     3.43
                  19       1        9     3.10
                  19       1       12     3.20
                  19       1       19     2.60
                  20       1        0     3.20
                  20       1        3     3.20
                  20       1        6     3.30
                  20       1        9     3.10
                  20       1       12     3.20
                  20       1       15     2.80
                  21       1        0     4.00
                  21       1        3     3.60
                  21       1        6     3.70
                  21       1        9     3.70
                  21       1       12     3.15
                  21       1       15     2.95
                  22       1        0     3.30
                  22       1        3     3.60
                  22       1        6     3.30
                  22       1        9     3.25
                  22       1       12     2.95
                  22       1       15     2.90
                  23       0        0     3.70
                  23       0        3     3.80
                  23       0        6     3.90
                  23       0        9     3.75
                  23       0       12     3.80
                  23       0       15     3.50
                  23       0       19     3.18
                  24       1        3     3.00
                  24       1        6     3.20
                  24       1        9     2.95
                  24       1       12     2.90
                  24       1       19     2.40
                  25       1        0     2.80
                  25       1        3     2.50
                  25       1        6     2.55
                  25       1        9     2.50
                  25       1       12     2.35
                  25       1       15     2.25
                  25       1       19     2.16
                  26       1        0     3.55
                  26       1        3     3.85
                  26       1        6     3.70
                  26       1       12     3.30
                  26       1       15     3.10
                  27       1        0     3.60
                  27       1        3     3.40
                  27       1        6     3.40
                  27       1       12     3.00
                  27       1       19     2.72
                  28       1        3     1.95
                  28       1        6     1.75
                  28       1        9     1.70
                  28       1       12     1.80
                  28       1       15     1.60
                  28       1       19     1.53
                  29       1        0     3.55
                  29       1        3     3.40
                  29       1        6     3.20
                  29       1        9     3.30
                  29       1       12     3.25
                  29       1       19     2.62
                  30       1        0     2.60
                  30       1        3     3.60
                  30       1        9     2.90
                  30       1       12     3.20
                  30       1       15     3.05
                  30       1       19     2.22
                  31       1        0     3.25
                  31       1        3     2.95
                  31       1        6     2.90
                  31       1        9     2.95
                  31       1       12     2.90
                  31       1       15     2.80
                  31       1       19     2.40
                  32       1        0     3.60
                  32       1        3     3.60
                  32       1        6     3.40
                  32       1       15     2.80
                  32       1       19     2.80
                  33       0        0     3.75
                  33       0        3     3.20
                  33       0        6     3.28
                  33       0        9     3.20
                  33       0       12     3.10
                  33       0       15     2.95
                  34       0        3     4.60
                  34       0        6     4.70
                  34       0        9     4.70
                  34       0       12     4.90
                  34       0       19     4.40
                  35       1        0     1.80
                  35       1        3     1.45
                  35       1        6     1.70
                  35       1       12     1.75
                  35       1       15     1.50
                  35       1       19     1.18
                  36       0        0     3.22
                  36       0        6     2.70
                  36       0        9     2.80
                  36       0       12     2.70
                  36       0       15     2.53
                  36       0       19     2.48
                  37       0        0     3.60
                  37       0        3     3.70
                  37       0        6     3.40
                  37       0        9     3.50
                  37       0       12     3.25
                  37       0       15     3.20
                  37       0       19     3.40
                  38       1        0     3.60
                  38       1        3     3.80
                  38       1        6     3.20
                  38       1        9     3.10
                  38       1       12     3.20
                  38       1       15     3.20
                  38       1       19     2.80
                  39       1        0     4.20
                  39       1        3     3.80
                  39       1        6     3.50
                  39       1        9     3.80
                  39       1       12     3.50
                  39       1       15     3.40
                  39       1       19     3.28
                  40       1        3     3.85
                  40       1        6     4.00
                  40       1       12     3.70
                  40       1       15     3.30
                  40       1       19     3.38
                  41       1        0     3.68
                  41       1        6     4.05
                  41       1        9     2.70
                  41       1       12     2.90
                  41       1       15     2.90
                  41       1       19     2.45
                  42       0        0     3.58
                  42       0        3     4.00
                  42       0        9     3.60
                  42       0       12     3.75
                  42       0       19     3.40
                  43       0        0     4.82
                  43       0        3     4.60
                  43       0        6     4.65
                  43       0        9     4.00
                  43       0       12     3.90
                  43       0       15     4.20
                  43       0       19     3.25
                  44       1        0     2.62
                  44       1        3     2.60
                  44       1        6     2.70
                  44       1        9     2.60
                  44       1       12     2.60
                  44       1       15     2.40
                  44       1       19     2.48
                  45       1        0     3.54
                  45       1        3     3.60
                  45       1        6     3.10
                  45       1        9     3.00
                  45       1       12     2.90
                  45       1       15     3.05
                  45       1       19     2.70
                  46       1        0     2.20
                  46       1        3     2.25
                  46       1        6     2.28
                  46       1        9     2.10
                  46       1       19     1.52
                  47       1        3     3.50
                  47       1        6     3.30
                  47       1        9     3.80
                  47       1       12     3.60
                  47       1       15     3.90
                  47       1       19     3.40
                  48       1        3     3.10
                  48       1        6     3.30
                  48       1        9     3.10
                  48       1       15     2.80
                  48       1       19     2.65
                  49       1        0     3.70
                  49       1        3     3.70
                  49       1        6     3.70
                  49       1        9     3.30
                  49       1       12     3.10
                  50       1        3     2.40
                  50       1        6     2.30
                  50       1        9     2.11
                  50       1       12     1.90
                  50       1       15     2.15
                  50       1       19     1.96
                  51       1        0     4.42
                  51       1        3     4.20
                  51       1        6     4.08
                  51       1        9     4.10
                  51       1       15     4.00
                  52       1        0     2.85
                  52       1        3     2.70
                  52       1        6     2.80
                  52       1       12     2.50
                  52       1       19     2.05
                  53       1        0     3.10
                  53       1        3     2.55
                  53       1        6     2.65
                  53       1        9     2.45
                  53       1       12     2.35
                  53       1       15     2.08
                  53       1       19     2.26
                  54       1        0     2.51
                  54       1        3     2.40
                  54       1        6     2.00
                  54       1       15     2.10
                  54       1       19     2.29
                  55       1        0     3.30
                  55       1        3     3.10
                  55       1        6     3.00
                  55       1        9     3.15
                  55       1       15     3.25
                  55       1       19     2.90
                  56       1        0     2.75
                  56       1        3     2.65
                  56       1        6     2.70
                  56       1        9     2.40
                  56       1       15     2.10
                  56       1       19     1.78
                  57       1        0     2.65
                  57       1        3     2.40
                  57       1        6     2.98
                  57       1        9     1.90
                  57       1       12     2.60
                  57       1       15     2.50
                  57       1       19     2.40
                  58       1        0     3.38
                  58       1        3     3.40
                  58       1        6     3.35
                  58       1        9     3.10
                  58       1       12     2.85
                  58       1       19     2.50
                  59       1        0     3.70
                  59       1        3     3.35
                  59       1        6     3.30
                  59       1        9     3.20
                  59       1       12     2.70
                  59       1       19     2.75
                  60       1        3     2.45
                  60       1        6     2.40
                  60       1        9     2.60
                  60       1       12     2.00
                  60       1       19     2.00
                  61       1        0     3.60
                  61       1        3     3.40
                  61       1        6     3.50
                  61       1        9     3.50
                  61       1       12     3.55
                  61       1       15     3.25
                  61       1       19     3.20
                  62       1        0     2.60
                  62       1        3     2.70
                  62       1        6     2.65
                  62       1        9     2.70
                  62       1       19     2.35
                  63       1        0     3.40
                  63       1        3     3.50
                  63       1        6     3.72
                  63       1        9     3.40
                  63       1       12     3.55
                  63       1       19     3.00
                  64       1        0     3.40
                  64       1        3     3.05
                  64       1        6     2.98
                  64       1        9     2.90
                  64       1       15     2.60
                  64       1       19     2.38
                  65       1        0     3.60
                  65       1        3     3.25
                  65       1        9     3.20
                  65       1       12     3.00
                  65       1       15     2.68
                  66       1        0     4.10
                  66       1        3     3.60
                  66       1        6     3.75
                  66       1        9     3.90
                  66       1       12     3.60
                  66       1       15     3.50
                  67       0        0     2.62
                  67       0        3     2.40
                  67       0        6     2.45
                  67       0        9     2.60
                  67       0       12     2.55
                  67       0       15     2.43
                  67       0       19     2.28
                  68       1        0     3.70
                  68       1        3     3.55
                  68       1        6     3.30
                  68       1        9     3.10
                  68       1       12     3.30
                  68       1       15     3.10
                  69       1        0     4.80
                  69       1        3     3.75
                  69       1        6     3.80
                  69       1        9     3.50
                  69       1       12     3.60
                  69       1       19     3.25
                  70       0        6     3.60
                  70       0        9     2.70
                  70       0       12     2.95
                  70       0       15     3.05
                  70       0       19     3.15
                  71       0        6     2.20
                  71       0        9     2.05
                  71       0       12     1.95
                  71       0       15     1.30
                  71       0       19     1.53
                  72       1        0     3.70
                  72       1        3     4.20
                  72       1        6     3.90
                  72       1        9     3.30
                  72       1       12     3.20
                  72       1       15     3.52
                  72       1       19     3.55
                  73       1        0     2.80
                  73       1        3     2.85
                  73       1       12     2.70
                  73       1       15     2.40
                  73       1       19     2.49
                  74       0        0     3.65
                  74       0        3     3.25
                  74       0        6     3.00
                  74       0        9     3.20
                  74       0       15     2.90
                  75       0        0     3.35
                  75       0        3     3.25
                  75       0        6     3.10
                  75       0        9     3.00
                  75       0       12     3.00
                  75       0       19     2.83
                  76       1        0     3.40
                  76       1        3     3.35
                  76       1        6     3.30
                  76       1        9     2.70
                  76       1       12     3.00
                  76       1       15     3.10
                  76       1       19     3.10
                  77       0        0     4.10
                  77       0        3     4.10
                  77       0        6     3.70
                  77       0        9     3.80
                  77       0       12     3.65
                  77       0       15     3.65
                  77       0       19     3.60
                  78       0        3     2.90
                  78       0        6     2.75
                  78       0        9     2.80
                  78       0       12     2.60
                  78       0       15     2.55
                  78       0       19     2.84
                  79       0        0     4.10
                  79       0        3     4.30
                  79       0        6     3.45
                  79       0       12     3.25
                  79       0       19     3.50
                  80       1        0     3.00
                  80       1        3     3.10
                  80       1        6     2.80
                  80       1        9     1.70
                  80       1       12     2.90
                  80       1       15     2.70
                  80       1       19     2.15
                  81       0        0     3.20
                  81       0        3     3.00
                  81       0        6     2.90
                  81       0        9     2.95
                  81       0       12     2.80
                  81       0       15     2.53
                  81       0       19     2.60
                  82       0        3     3.20
                  82       0        6     3.20
                  82       0        9     3.40
                  82       0       12     3.10
                  82       0       19     3.22
                  83       1        0     3.00
                  83       1        3     2.45
                  83       1        9     2.10
                  83       1       12     2.25
                  83       1       19     1.90
                  84       1        0     3.50
                  84       1        3     3.35
                  84       1        6     2.85
                  84       1        9     3.10
                  84       1       15     2.80
                  85       0        0     3.50
                  85       0        3     3.60
                  85       0        6     3.50
                  85       0        9     3.15
                  85       0       12     3.00
                  85       0       15     2.95
                  85       0       19     3.20
                  86       1        0     2.92
                  86       1        3     2.50
                  86       1        9     2.40
                  86       1       12     2.65
                  86       1       15     2.28
                  86       1       19     2.10
                  87       1        3     3.50
                  87       1        9     3.00
                  87       1       12     3.00
                  87       1       15     3.15
                  87       1       19     3.23
                  88       1        0     2.25
                  88       1        3     2.55
                  88       1        6     2.60
                  88       1       12     2.35
                  88       1       15     2.31
                  88       1       19     2.19
                  89       1        0     3.50
                  89       1        3     3.55
                  89       1        6     3.40
                  89       1        9     3.30
                  89       1       15     2.75
                  89       1       19     2.80
                  90       1        0     3.40
                  90       1        3     3.30
                  90       1       12     2.80
                  90       1       15     2.70
                  90       1       19     2.60
                  91       1        0     3.45
                  91       1        3     3.05
                  91       1        6     2.85
                  91       1        9     2.55
                  91       1       12     2.60
                  91       1       15     2.30
                  92       0        0     3.20
                  92       0        3     3.45
                  92       0        6     3.35
                  92       0        9     3.40
                  92       0       12     3.10
                  92       0       15     3.00
                  92       0       19     2.97
                  93       1        0     3.80
                  93       1        3     3.65
                  93       1        6     3.60
                  93       1        9     3.40
                  93       1       12     3.15
                  93       1       15     2.97
                  93       1       19     2.78
                  94       1        0     3.90
                  94       1        3     3.10
                  94       1        6     3.55
                  94       1        9     3.40
                  94       1       12     3.30
                  94       1       19     2.95
                  95       1        0     3.50
                  95       1        3     3.80
                  95       1        6     4.00
                  95       1        9     3.80
                  95       1       15     3.20
                  95       1       19     3.00
                  96       1        0     3.40
                  96       1        3     3.00
                  96       1        6     3.12
                  96       1        9     3.10
                  96       1       15     2.75
                  97       1        0     2.35
                  97       1        3     2.80
                  97       1        6     2.70
                  97       1        9     2.05
                  97       1       15     2.02
                  97       1       19     1.93
                  98       0        3     4.90
                  98       0        6     3.88
                  98       0        9     3.70
                  98       0       12     3.95
                  98       0       15     3.75
                  98       0       19     3.55
                  99       1        0     1.90
                  99       1        3     1.90
                  99       1        6     1.75
                  99       1        9     1.60
                  99       1       12     1.60
                 100       1        0     3.00
                 100       1        3     2.75
                 100       1        6     2.45
                 100       1       15     2.20
                 100       1       19     2.18
                 101       1        0     2.70
                 101       1        3     3.00
                 101       1       12     2.25
                 101       1       15     1.85
                 101       1       19     1.60
                 102       1        0     2.80
                 102       1        3     3.35
                 102       1        9     2.95
                 102       1       12     2.50
                 102       1       15     2.45
                 103       1        3     3.10
                 103       1        9     2.75
                 103       1       12     2.50
                 103       1       15     1.95
                 103       1       19     2.65
                 104       1        3     4.40
                 104       1        6     3.50
                 104       1        9     3.60
                 104       1       15     3.40
                 104       1       19     3.20
                 105       1        0     4.10
                 105       1        3     3.65
                 105       1        6     3.90
                 105       1        9     2.75
                 105       1       12     3.35
                 105       1       15     2.95
                 105       1       19     3.17
                 106       1        0     2.07
                 106       1        3     2.20
                 106       1        6     2.35
                 106       1        9     2.25
                 106       1       12     2.20
                 107       0        0     3.25
                 107       0        3     3.30
                 107       0        6     3.20
                 107       0        9     3.30
                 107       0       12     2.85
                 107       0       15     3.20
                 107       0       19     3.10
                 108       1        0     3.15
                 108       1        3     2.90
                 108       1        6     2.80
                 108       1        9     2.70
                 108       1       12     2.60
                 108       1       15     2.35
                 108       1       19     2.30
                 109       1        0     3.45
                 109       1        3     3.50
                 109       1        6     3.85
                 109       1        9     3.25
                 109       1       15     2.58
                 109       1       19     2.45
                 110       1        0     3.20
                 110       1        3     3.70
                 110       1        6     3.40
                 110       1        9     3.40
                 110       1       12     3.50
                 111       1        0     3.50
                 111       1        3     3.50
                 111       1        6     3.20
                 111       1        9     3.00
                 111       1       12     3.10
                 111       1       15     2.80
                 111       1       19     2.55
                 112       1        0     4.30
                 112       1        6     4.10
                 112       1        9     4.05
                 112       1       12     3.75
                 112       1       15     3.65
                 112       1       19     3.45
                 113       1        0     2.90
                 113       1        3     3.10
                 113       1        6     2.70
                 113       1        9     2.80
                 113       1       15     2.15
                 113       1       19     2.18
                 114       1        0     2.30
                 114       1        3     2.20
                 114       1        6     2.00
                 114       1        9     2.00
                 114       1       12     1.90
                 115       0        0     3.10
                 115       0        3     3.30
                 115       0        6     3.00
                 115       0       12     2.55
                 115       0       19     2.52
                 116       0        3     3.70
                 116       0        9     3.60
                 116       0       12     3.40
                 116       0       15     3.41
                 116       0       19     3.13
                 117       1        0     3.80
                 117       1        3     3.35
                 117       1        6     3.26
                 117       1        9     3.10
                 117       1       12     3.10
                 118       1        0     3.95
                 118       1        3     3.25
                 118       1        6     3.50
                 118       1       12     3.30
                 118       1       15     2.75
                 118       1       19     2.70
                 119       1        0     2.80
                 119       1        3     2.90
                 119       1        6     2.75
                 119       1        9     2.35
                 119       1       12     2.45
                 119       1       15     2.37
                 119       1       19     2.32
                 120       1        0     3.00
                 120       1        6     3.20
                 120       1        9     2.50
                 120       1       12     2.50
                 120       1       15     2.70
                 121       0        6     2.65
                 121       0        9     2.50
                 121       0       12     2.30
                 121       0       15     2.18
                 121       0       19     2.50
                 122       1        3     2.60
                 122       1        6     3.00
                 122       1        9     2.40
                 122       1       12     2.45
                 122       1       15     2.10
                 123       1        0     3.00
                 123       1        3     3.10
                 123       1        6     2.85
                 123       1        9     2.80
                 123       1       12     2.50
                 123       1       15     2.35
                 123       1       19     2.10
                 124       1        0     2.95
                 124       1        3     2.70
                 124       1        9     2.40
                 124       1       12     2.23
                 124       1       15     2.15
                 124       1       19     2.25
                 125       1        0     2.40
                 125       1        3     2.30
                 125       1        6     2.25
                 125       1        9     2.00
                 125       1       12     1.85
                 126       1        3     2.60
                 126       1        6     2.50
                 126       1       12     2.10
                 126       1       15     2.15
                 126       1       19     1.74
                 127       1        3     3.10
                 127       1        6     2.85
                 127       1       12     2.40
                 127       1       15     2.70
                 127       1       19     2.20
                 128       0        0     3.15
                 128       0        3     3.00
                 128       0        6     2.75
                 128       0        9     2.80
                 128       0       12     2.60
                 128       0       15     2.40
                 129       0        0     3.70
                 129       0        3     3.70
                 129       0        9     2.65
                 129       0       12     3.25
                 129       0       15     3.00
                 129       0       19     3.08
                 130       1        0     3.65
                 130       1        3     3.50
                 130       1        6     3.25
                 130       1        9     2.90
                 130       1       12     3.05
                 130       1       19     2.62
                 131       1        0     2.90
                 131       1        3     3.10
                 131       1        6     2.85
                 131       1        9     2.80
                 131       1       12     2.60
                 132       1        0     3.00
                 132       1        3     2.95
                 132       1        6     2.70
                 132       1        9     2.45
                 132       1       12     2.05
                 132       1       15     1.98
                 132       1       19     2.20
                 133       1        0     2.40